9.999999833761132884e-01 1.823397189896017190e-04 0.000000000000000000e+00 -7.999997999999999720e+00 -1.823397189896017190e-04 9.999999833761132884e-01 0.000000000000000000e+00 5.000000000000000000e+00 0.000000000000000000e+00 0.000000000000000000e+00 1.000000000000000000e+00 0.000000000000000000e+00
9.999959795046979849e-01 2.835661199739711053e-03 0.000000000000000000e+00 -8.020832000000000406e+00 -2.835661199739711053e-03 9.999959795046979849e-01 0.000000000000000000e+00 4.602474700000000141e+00 0.000000000000000000e+00 0.000000000000000000e+00 1.000000000000000000e+00 0.000000000000000000e+00
9.999902215831678598e-01 -4.422300085579088623e-03 0.000000000000000000e+00 -8.042718000000000700e+00 4.422300085579088623e-03 9.999902215831678598e-01 0.000000000000000000e+00 4.204784400000000311e+00 0.000000000000000000e+00 0.000000000000000000e+00 1.000000000000000000e+00 0.000000000000000000e+00
9.981708658669855572e-01 -6.045595532577710540e-02 0.000000000000000000e+00 -7.990351000000000425e+00 6.045595532577710540e-02 9.981708658669855572e-01 0.000000000000000000e+00 3.864327199999999962e+00 0.000000000000000000e+00 0.000000000000000000e+00 1.000000000000000000e+00 0.000000000000000000e+00
9.954523743366526789e-01 -9.526053971881910665e-02 0.000000000000000000e+00 -7.912748999999999810e+00 9.526053971881910665e-02 9.954523743366526789e-01 0.000000000000000000e+00 3.523512600000000106e+00 0.000000000000000000e+00 0.000000000000000000e+00 1.000000000000000000e+00 0.000000000000000000e+00
9.887239513771988175e-01 -1.497496176057175610e-01 0.000000000000000000e+00 -7.895140600000000397e+00 1.497496176057175610e-01 9.887239513771988175e-01 0.000000000000000000e+00 3.032892700000000108e+00 0.000000000000000000e+00 0.000000000000000000e+00 1.000000000000000000e+00 0.000000000000000000e+00
9.991779978838665199e-01 -4.053798890902238911e-02 0.000000000000000000e+00 -7.689139400000000180e+00 4.053798890902238911e-02 9.991779978838665199e-01 0.000000000000000000e+00 2.519327899999999953e+00 0.000000000000000000e+00 0.000000000000000000e+00 1.000000000000000000e+00 0.000000000000000000e+00
9.993373852562024151e-01 3.639767065756228936e-02 0.000000000000000000e+00 -7.626861599999999797e+00 -3.639767065756228936e-02 9.993373852562024151e-01 0.000000000000000000e+00 2.030085300000000093e+00 0.000000000000000000e+00 0.000000000000000000e+00 1.000000000000000000e+00 0.000000000000000000e+00
9.997067839967400671e-01 -2.421458302129855800e-02 0.000000000000000000e+00 -7.577070700000000159e+00 2.421458302129855800e-02 9.997067839967400671e-01 0.000000000000000000e+00 1.591022600000000065e+00 0.000000000000000000e+00 0.000000000000000000e+00 1.000000000000000000e+00 0.000000000000000000e+00
9.993996198267984798e-01 -3.464678758630682781e-02 0.000000000000000000e+00 -7.599951700000000088e+00 3.464678758630682781e-02 9.993996198267984798e-01 0.000000000000000000e+00 1.070675100000000102e+00 0.000000000000000000e+00 0.000000000000000000e+00 1.000000000000000000e+00 0.000000000000000000e+00
9.999952378437942935e-01 -3.086144801089462861e-03 0.000000000000000000e+00 -7.477260000000000240e+00 3.086144801089462861e-03 9.999952378437942935e-01 0.000000000000000000e+00 5.925969500000000112e-01 0.000000000000000000e+00 0.000000000000000000e+00 1.000000000000000000e+00 0.000000000000000000e+00
9.783081361324528213e-01 2.071549921605707334e-01 0.000000000000000000e+00 -7.542669300000000021e+00 -2.071549921605707334e-01 9.783081361324528213e-01 0.000000000000000000e+00 1.779351200000000022e-01 0.000000000000000000e+00 0.000000000000000000e+00 1.000000000000000000e+00 0.000000000000000000e+00
9.737641646526238315e-01 2.275595562449040654e-01 0.000000000000000000e+00 -7.552186999999999983e+00 -2.275595562449040654e-01 9.737641646526238315e-01 0.000000000000000000e+00 -2.870754600000000045e-01 0.000000000000000000e+00 0.000000000000000000e+00 1.000000000000000000e+00 0.000000000000000000e+00
9.707693721061190217e-01 2.400142207884597423e-01 0.000000000000000000e+00 -7.856949000000000183e+00 -2.400142207884597423e-01 9.707693721061190217e-01 0.000000000000000000e+00 -8.252798300000000475e-01 0.000000000000000000e+00 0.000000000000000000e+00 1.000000000000000000e+00 0.000000000000000000e+00
9.945288834978660564e-01 1.044619542632056614e-01 0.000000000000000000e+00 -7.788803999999999839e+00 -1.044619542632056614e-01 9.945288834978660564e-01 0.000000000000000000e+00 -1.194994399999999901e+00 0.000000000000000000e+00 0.000000000000000000e+00 1.000000000000000000e+00 0.000000000000000000e+00
9.949866591926724846e-01 1.000077398434977005e-01 0.000000000000000000e+00 -7.906918499999999739e+00 -1.000077398434977005e-01 9.949866591926724846e-01 0.000000000000000000e+00 -1.748552600000000012e+00 0.000000000000000000e+00 0.000000000000000000e+00 1.000000000000000000e+00 0.000000000000000000e+00
9.997939457146587383e-01 -2.029941162482079911e-02 0.000000000000000000e+00 -8.074922000000000821e+00 2.029941162482079911e-02 9.997939457146587383e-01 0.000000000000000000e+00 -2.053771699999999978e+00 0.000000000000000000e+00 0.000000000000000000e+00 1.000000000000000000e+00 0.000000000000000000e+00
9.987061216295252120e-01 -5.085354087683527369e-02 0.000000000000000000e+00 -7.990740999999999872e+00 5.085354087683527369e-02 9.987061216295252120e-01 0.000000000000000000e+00 -2.727849200000000085e+00 0.000000000000000000e+00 0.000000000000000000e+00 1.000000000000000000e+00 0.000000000000000000e+00
9.998694260016625091e-01 1.615954662439148329e-02 0.000000000000000000e+00 -8.141870000000000829e+00 -1.615954662439148329e-02 9.998694260016625091e-01 0.000000000000000000e+00 -3.226765599999999790e+00 0.000000000000000000e+00 0.000000000000000000e+00 1.000000000000000000e+00 0.000000000000000000e+00
9.998611533326680068e-01 -1.666355473081780961e-02 0.000000000000000000e+00 -7.984725000000000072e+00 1.666355473081780961e-02 9.998611533326680068e-01 0.000000000000000000e+00 -3.586578400000000055e+00 0.000000000000000000e+00 0.000000000000000000e+00 1.000000000000000000e+00 0.000000000000000000e+00
9.850294391398687344e-01 -1.723862060252957795e-01 0.000000000000000000e+00 -8.177148000000000749e+00 1.723862060252957795e-01 9.850294391398687344e-01 0.000000000000000000e+00 -3.555066300000000012e+00 0.000000000000000000e+00 0.000000000000000000e+00 1.000000000000000000e+00 0.000000000000000000e+00
9.492116026740329282e-01 -3.146384168358877242e-01 0.000000000000000000e+00 -8.022740999999999900e+00 3.146384168358877242e-01 9.492116026740329282e-01 0.000000000000000000e+00 -3.836400499999999880e+00 0.000000000000000000e+00 0.000000000000000000e+00 1.000000000000000000e+00 0.000000000000000000e+00
8.901288450030050425e-01 -4.557089414238174041e-01 0.000000000000000000e+00 -7.749550000000000161e+00 4.557089414238174041e-01 8.901288450030050425e-01 0.000000000000000000e+00 -4.312478999999999729e+00 0.000000000000000000e+00 0.000000000000000000e+00 1.000000000000000000e+00 0.000000000000000000e+00
7.550477723279600539e-01 -6.556697808368058267e-01 0.000000000000000000e+00 -7.453277599999999836e+00 6.556697808368058267e-01 7.550477723279600539e-01 0.000000000000000000e+00 -4.656949499999999631e+00 0.000000000000000000e+00 0.000000000000000000e+00 1.000000000000000000e+00 0.000000000000000000e+00
6.091205155309747932e-01 -7.930776743543342944e-01 0.000000000000000000e+00 -7.150104500000000307e+00 7.930776743543342944e-01 6.091205155309747932e-01 0.000000000000000000e+00 -5.015933999999999671e+00 0.000000000000000000e+00 0.000000000000000000e+00 1.000000000000000000e+00 0.000000000000000000e+00
4.650911097964955943e-01 -8.852628194995337818e-01 0.000000000000000000e+00 -6.782739600000000202e+00 8.852628194995337818e-01 4.650911097964955943e-01 0.000000000000000000e+00 -5.164732500000000393e+00 0.000000000000000000e+00 0.000000000000000000e+00 1.000000000000000000e+00 0.000000000000000000e+00
2.890114179017435059e-01 -9.573256500911400124e-01 0.000000000000000000e+00 -6.456710000000000171e+00 9.573256500911400124e-01 2.890114179017435059e-01 0.000000000000000000e+00 -5.137970400000000382e+00 0.000000000000000000e+00 0.000000000000000000e+00 1.000000000000000000e+00 0.000000000000000000e+00
1.527065100133183639e-01 -9.882715830173163241e-01 0.000000000000000000e+00 -6.189323400000000142e+00 9.882715830173163241e-01 1.527065100133183639e-01 0.000000000000000000e+00 -5.159175399999999634e+00 0.000000000000000000e+00 0.000000000000000000e+00 1.000000000000000000e+00 0.000000000000000000e+00
-1.162076221892748840e-01 -9.932249435777953384e-01 0.000000000000000000e+00 -5.750383399999999590e+00 9.932249435777953384e-01 -1.162076221892748840e-01 0.000000000000000000e+00 -5.144761599999999824e+00 0.000000000000000000e+00 0.000000000000000000e+00 1.000000000000000000e+00 0.000000000000000000e+00
-3.126250722755911093e-01 -9.498766047148868852e-01 0.000000000000000000e+00 -5.217081499999999927e+00 9.498766047148868852e-01 -3.126250722755911093e-01 0.000000000000000000e+00 -5.100028499999999632e+00 0.000000000000000000e+00 0.000000000000000000e+00 1.000000000000000000e+00 0.000000000000000000e+00
3.949717740136757249e-01 9.186932555170359560e-01 0.000000000000000000e+00 -4.895820600000000411e+00 -9.186932555170359560e-01 3.949717740136757249e-01 0.000000000000000000e+00 -4.956438999999999595e+00 0.000000000000000000e+00 0.000000000000000000e+00 1.000000000000000000e+00 0.000000000000000000e+00
5.035658887049667687e-01 8.639568251555034273e-01 0.000000000000000000e+00 -4.424700699999999820e+00 -8.639568251555034273e-01 5.035658887049667687e-01 0.000000000000000000e+00 -4.656154599999999810e+00 0.000000000000000000e+00 0.000000000000000000e+00 1.000000000000000000e+00 0.000000000000000000e+00
5.635402109559152217e-01 8.260886336439707822e-01 0.000000000000000000e+00 -4.067180999999999713e+00 -8.260886336439707822e-01 5.635402109559152217e-01 0.000000000000000000e+00 -4.407853600000000149e+00 0.000000000000000000e+00 0.000000000000000000e+00 1.000000000000000000e+00 0.000000000000000000e+00
7.389520556417124020e-01 6.737580125407693910e-01 0.000000000000000000e+00 -3.784987200000000218e+00 -6.737580125407693910e-01 7.389520556417124020e-01 0.000000000000000000e+00 -4.323920000000000208e+00 0.000000000000000000e+00 0.000000000000000000e+00 1.000000000000000000e+00 0.000000000000000000e+00
8.575750593143727230e-01 5.143588413179559504e-01 0.000000000000000000e+00 -3.638394400000000140e+00 -5.143588413179559504e-01 8.575750593143727230e-01 0.000000000000000000e+00 -3.824151000000000078e+00 0.000000000000000000e+00 0.000000000000000000e+00 1.000000000000000000e+00 0.000000000000000000e+00
9.282355212602941830e-01 3.719930336318542641e-01 0.000000000000000000e+00 -3.463729900000000139e+00 -3.719930336318542641e-01 9.282355212602941830e-01 0.000000000000000000e+00 -3.332466600000000057e+00 0.000000000000000000e+00 0.000000000000000000e+00 1.000000000000000000e+00 0.000000000000000000e+00
9.750597434462989765e-01 2.219425527257845865e-01 0.000000000000000000e+00 -3.478056699999999779e+00 -2.219425527257845865e-01 9.750597434462989765e-01 0.000000000000000000e+00 -2.899125999999999870e+00 0.000000000000000000e+00 0.000000000000000000e+00 1.000000000000000000e+00 0.000000000000000000e+00
9.987878053550279800e-01 4.922316399914469093e-02 0.000000000000000000e+00 -3.262348199999999920e+00 -4.922316399914469093e-02 9.987878053550279800e-01 0.000000000000000000e+00 -2.450042700000000018e+00 0.000000000000000000e+00 0.000000000000000000e+00 1.000000000000000000e+00 0.000000000000000000e+00
9.993370131105950849e-01 3.640788688174963206e-02 0.000000000000000000e+00 -3.112671399999999977e+00 -3.640788688174963206e-02 9.993370131105950849e-01 0.000000000000000000e+00 -2.013191700000000139e+00 0.000000000000000000e+00 0.000000000000000000e+00 1.000000000000000000e+00 0.000000000000000000e+00
9.999717250084467768e-01 7.519919123981821246e-03 0.000000000000000000e+00 -3.039412299999999956e+00 -7.519919123981821246e-03 9.999717250084467768e-01 0.000000000000000000e+00 -1.400014799999999893e+00 0.000000000000000000e+00 0.000000000000000000e+00 1.000000000000000000e+00 0.000000000000000000e+00
-9.998562225595707398e-01 -1.695683369341761254e-02 0.000000000000000000e+00 -3.066757200000000072e+00 1.695683369341761254e-02 -9.998562225595707398e-01 0.000000000000000000e+00 -1.554073299999999991e+00 0.000000000000000000e+00 0.000000000000000000e+00 1.000000000000000000e+00 0.000000000000000000e+00
9.874457905711163663e-01 -1.579582561418772235e-01 0.000000000000000000e+00 -3.192917299999999958e+00 1.579582561418772235e-01 9.874457905711163663e-01 0.000000000000000000e+00 -7.766478999999999466e-01 0.000000000000000000e+00 0.000000000000000000e+00 1.000000000000000000e+00 0.000000000000000000e+00
9.409917853624869544e-01 -3.384294016191845555e-01 0.000000000000000000e+00 -3.333466500000000110e+00 3.384294016191845555e-01 9.409917853624869544e-01 0.000000000000000000e+00 -3.164942299999999875e-01 0.000000000000000000e+00 0.000000000000000000e+00 1.000000000000000000e+00 0.000000000000000000e+00
9.050376871795614564e-01 -4.253313823181522069e-01 0.000000000000000000e+00 -3.423624999999999918e+00 4.253313823181522069e-01 9.050376871795614564e-01 0.000000000000000000e+00 2.791241400000000206e-01 0.000000000000000000e+00 0.000000000000000000e+00 1.000000000000000000e+00 0.000000000000000000e+00
8.586576946587916037e-01 -5.125494741029877899e-01 0.000000000000000000e+00 -3.577881300000000042e+00 5.125494741029877899e-01 8.586576946587916037e-01 0.000000000000000000e+00 8.442498999999999976e-01 0.000000000000000000e+00 0.000000000000000000e+00 1.000000000000000000e+00 0.000000000000000000e+00
8.314531200385717469e-01 -5.555949146438656783e-01 0.000000000000000000e+00 -3.909991499999999842e+00 5.555949146438656783e-01 8.314531200385717469e-01 0.000000000000000000e+00 1.254031399999999907e+00 0.000000000000000000e+00 0.000000000000000000e+00 1.000000000000000000e+00 0.000000000000000000e+00
8.201077620000838397e-01 -5.722091040058816525e-01 0.000000000000000000e+00 -4.167930000000000135e+00 5.722091040058816525e-01 8.201077620000838397e-01 0.000000000000000000e+00 1.585481600000000046e+00 0.000000000000000000e+00 0.000000000000000000e+00 1.000000000000000000e+00 0.000000000000000000e+00
7.536273614617823302e-01 -6.573019093659717704e-01 0.000000000000000000e+00 -4.314454999999999707e+00 6.573019093659717704e-01 7.536273614617823302e-01 0.000000000000000000e+00 2.213063500000000072e+00 0.000000000000000000e+00 0.000000000000000000e+00 1.000000000000000000e+00 0.000000000000000000e+00
6.754897012354601493e-01 -7.373694213383334972e-01 0.000000000000000000e+00 -4.678512999999999700e+00 7.373694213383334972e-01 6.754897012354601493e-01 0.000000000000000000e+00 2.572447799999999951e+00 0.000000000000000000e+00 0.000000000000000000e+00 1.000000000000000000e+00 0.000000000000000000e+00
6.653528104452032244e-01 -7.465290601394358738e-01 0.000000000000000000e+00 -5.096758999999999595e+00 7.465290601394358738e-01 6.653528104452032244e-01 0.000000000000000000e+00 3.031255699999999997e+00 0.000000000000000000e+00 0.000000000000000000e+00 1.000000000000000000e+00 0.000000000000000000e+00
6.119000274596090305e-01 -7.909351151611172526e-01 0.000000000000000000e+00 -5.379140999999999728e+00 7.909351151611172526e-01 6.119000274596090305e-01 0.000000000000000000e+00 3.427993999999999986e+00 0.000000000000000000e+00 0.000000000000000000e+00 1.000000000000000000e+00 0.000000000000000000e+00
6.408361917579605826e-01 -7.676776506667069011e-01 0.000000000000000000e+00 -5.818671000000000149e+00 7.676776506667069011e-01 6.408361917579605826e-01 0.000000000000000000e+00 3.688369999999999926e+00 0.000000000000000000e+00 0.000000000000000000e+00 1.000000000000000000e+00 0.000000000000000000e+00
4.835734185448592459e-01 -8.753038037600650023e-01 0.000000000000000000e+00 -6.159940999999999889e+00 8.753038037600650023e-01 4.835734185448592459e-01 0.000000000000000000e+00 4.060851999999999684e+00 0.000000000000000000e+00 0.000000000000000000e+00 1.000000000000000000e+00 0.000000000000000000e+00
4.450322018995049866e-01 -8.955145667561629219e-01 0.000000000000000000e+00 -6.335961300000000129e+00 8.955145667561629219e-01 4.450322018995049866e-01 0.000000000000000000e+00 4.329702400000000395e+00 0.000000000000000000e+00 0.000000000000000000e+00 1.000000000000000000e+00 0.000000000000000000e+00
3.446310410416737469e-01 -9.387382199263712979e-01 0.000000000000000000e+00 -6.748728999999999978e+00 9.387382199263712979e-01 3.446310410416737469e-01 0.000000000000000000e+00 4.438791000000000153e+00 0.000000000000000000e+00 0.000000000000000000e+00 1.000000000000000000e+00 0.000000000000000000e+00
2.479500179759596967e-01 -9.687728260979048267e-01 0.000000000000000000e+00 -7.167974000000000068e+00 9.687728260979048267e-01 2.479500179759596967e-01 0.000000000000000000e+00 4.840125600000000361e+00 0.000000000000000000e+00 0.000000000000000000e+00 1.000000000000000000e+00 0.000000000000000000e+00
1.130388935540659057e-01 -9.935905638360664760e-01 0.000000000000000000e+00 -7.745347500000000274e+00 9.935905638360664760e-01 1.130388935540659057e-01 0.000000000000000000e+00 5.032618499999999884e+00 0.000000000000000000e+00 0.000000000000000000e+00 1.000000000000000000e+00 0.000000000000000000e+00
4.812001044518853660e-03 -9.999884222559517477e-01 0.000000000000000000e+00 -8.145642000000000493e+00 9.999884222559517477e-01 4.812001044518853660e-03 0.000000000000000000e+00 5.017451999999999579e+00 0.000000000000000000e+00 0.000000000000000000e+00 1.000000000000000000e+00 0.000000000000000000e+00
-4.239597383634374217e-01 -9.056810367048686583e-01 0.000000000000000000e+00 -8.696400999999999826e+00 9.056810367048686583e-01 -4.239597383634374217e-01 0.000000000000000000e+00 5.020190000000000374e+00 0.000000000000000000e+00 0.000000000000000000e+00 1.000000000000000000e+00 0.000000000000000000e+00
-5.507395249970810092e-01 -8.346771684944961356e-01 0.000000000000000000e+00 -9.065765000000000740e+00 8.346771684944961356e-01 -5.507395249970810092e-01 0.000000000000000000e+00 4.899779299999999616e+00 0.000000000000000000e+00 0.000000000000000000e+00 1.000000000000000000e+00 0.000000000000000000e+00
7.710824585750996052e-01 -6.367352998521284002e-01 0.000000000000000000e+00 -8.923344999999999416e+00 6.367352998521284002e-01 7.710824585750996052e-01 0.000000000000000000e+00 4.908547399999999783e+00 0.000000000000000000e+00 0.000000000000000000e+00 1.000000000000000000e+00 0.000000000000000000e+00
-9.067636720242991943e-01 -4.216392333464821784e-01 0.000000000000000000e+00 -9.123055000000000803e+00 4.216392333464821784e-01 -9.067636720242991943e-01 0.000000000000000000e+00 4.577359000000000400e+00 0.000000000000000000e+00 0.000000000000000000e+00 1.000000000000000000e+00 0.000000000000000000e+00
-9.983867205544764145e-01 -5.677989274802984487e-02 0.000000000000000000e+00 -9.291843000000000075e+00 5.677989274802984487e-02 -9.983867205544764145e-01 0.000000000000000000e+00 4.270872599999999686e+00 0.000000000000000000e+00 0.000000000000000000e+00 1.000000000000000000e+00 0.000000000000000000e+00
-9.540108742988668844e-01 2.997719995588507547e-01 0.000000000000000000e+00 -9.306606000000000378e+00 -2.997719995588507547e-01 -9.540108742988668844e-01 0.000000000000000000e+00 3.785038000000000125e+00 0.000000000000000000e+00 0.000000000000000000e+00 1.000000000000000000e+00 0.000000000000000000e+00
-7.434888157413496179e-01 6.687483688709270346e-01 0.000000000000000000e+00 -9.032301000000000357e+00 -6.687483688709270346e-01 -7.434888157413496179e-01 0.000000000000000000e+00 3.392832299999999801e+00 0.000000000000000000e+00 0.000000000000000000e+00 1.000000000000000000e+00 0.000000000000000000e+00
-4.798775819847665436e-01 8.773354582532576496e-01 0.000000000000000000e+00 -8.552846000000000615e+00 -8.773354582532576496e-01 -4.798775819847665436e-01 0.000000000000000000e+00 3.235070200000000007e+00 0.000000000000000000e+00 0.000000000000000000e+00 1.000000000000000000e+00 0.000000000000000000e+00
-2.839639003813559381e-01 9.588349718696160817e-01 0.000000000000000000e+00 -7.964272499999999866e+00 -9.588349718696160817e-01 -2.839639003813559381e-01 0.000000000000000000e+00 2.976139799999999891e+00 0.000000000000000000e+00 0.000000000000000000e+00 1.000000000000000000e+00 0.000000000000000000e+00
-1.632764764780567091e-02 9.998666950760431993e-01 0.000000000000000000e+00 -7.417079000000000200e+00 -9.998666950760431993e-01 -1.632764764780567091e-02 0.000000000000000000e+00 2.934117000000000086e+00 0.000000000000000000e+00 0.000000000000000000e+00 1.000000000000000000e+00 0.000000000000000000e+00
3.373959131694046487e-01 9.413628406605943910e-01 0.000000000000000000e+00 -7.128375000000000128e+00 -9.413628406605943910e-01 3.373959131694046487e-01 0.000000000000000000e+00 3.179193699999999900e+00 0.000000000000000000e+00 0.000000000000000000e+00 1.000000000000000000e+00 0.000000000000000000e+00
6.559287061324473589e-01 7.548228484031292984e-01 0.000000000000000000e+00 -6.772447599999999568e+00 -7.548228484031292984e-01 6.559287061324473589e-01 0.000000000000000000e+00 3.550351599999999941e+00 0.000000000000000000e+00 0.000000000000000000e+00 1.000000000000000000e+00 0.000000000000000000e+00
-8.925068530106238240e-01 -4.510338316901212341e-01 0.000000000000000000e+00 -6.419075999999999560e+00 4.510338316901212341e-01 -8.925068530106238240e-01 0.000000000000000000e+00 3.884576599999999935e+00 0.000000000000000000e+00 0.000000000000000000e+00 1.000000000000000000e+00 0.000000000000000000e+00
-9.797751066981738033e-01 -2.001018248157227231e-01 0.000000000000000000e+00 -6.297425699999999793e+00 2.001018248157227231e-01 -9.797751066981738033e-01 0.000000000000000000e+00 4.603059299999999965e+00 0.000000000000000000e+00 0.000000000000000000e+00 1.000000000000000000e+00 0.000000000000000000e+00
-9.848467419722333194e-01 1.734269149430884560e-01 0.000000000000000000e+00 -6.382131000000000220e+00 -1.734269149430884560e-01 -9.848467419722333194e-01 0.000000000000000000e+00 5.083129999999999704e+00 0.000000000000000000e+00 0.000000000000000000e+00 1.000000000000000000e+00 0.000000000000000000e+00
-8.845024597690411827e-01 4.665355277602293849e-01 0.000000000000000000e+00 -6.363206400000000151e+00 -4.665355277602293849e-01 -8.845024597690411827e-01 0.000000000000000000e+00 5.631558400000000297e+00 0.000000000000000000e+00 0.000000000000000000e+00 1.000000000000000000e+00 0.000000000000000000e+00
-6.943565479735421819e-01 7.196311446055305705e-01 0.000000000000000000e+00 -6.602033600000000391e+00 -7.196311446055305705e-01 -6.943565479735421819e-01 0.000000000000000000e+00 5.944697999999999816e+00 0.000000000000000000e+00 0.000000000000000000e+00 1.000000000000000000e+00 0.000000000000000000e+00
-3.312817139390067389e-01 9.435318892383204314e-01 0.000000000000000000e+00 -7.033024000000000164e+00 -9.435318892383204314e-01 -3.312817139390067389e-01 0.000000000000000000e+00 6.278309300000000093e+00 0.000000000000000000e+00 0.000000000000000000e+00 1.000000000000000000e+00 0.000000000000000000e+00
-9.060849219429990831e-03 9.999589496631462460e-01 0.000000000000000000e+00 -7.369097700000000195e+00 -9.999589496631462460e-01 -9.060849219429990831e-03 0.000000000000000000e+00 6.473886499999999877e+00 0.000000000000000000e+00 0.000000000000000000e+00 1.000000000000000000e+00 0.000000000000000000e+00
5.694098395529448853e-01 8.220537905881156737e-01 0.000000000000000000e+00 -7.779799500000000201e+00 -8.220537905881156737e-01 5.694098395529448853e-01 0.000000000000000000e+00 6.416338399999999886e+00 0.000000000000000000e+00 0.000000000000000000e+00 1.000000000000000000e+00 0.000000000000000000e+00
8.277255557009557396e-01 5.611331432374531136e-01 0.000000000000000000e+00 -8.125833500000000598e+00 -5.611331432374531136e-01 8.277255557009557396e-01 0.000000000000000000e+00 6.245346500000000134e+00 0.000000000000000000e+00 0.000000000000000000e+00 1.000000000000000000e+00 0.000000000000000000e+00
9.410805254508005646e-01 3.381825610779555791e-01 0.000000000000000000e+00 -8.225789000000000684e+00 -3.381825610779555791e-01 9.410805254508005646e-01 0.000000000000000000e+00 5.913745999999999725e+00 0.000000000000000000e+00 0.000000000000000000e+00 1.000000000000000000e+00 0.000000000000000000e+00
9.999999416916416362e-01 3.414918933627226387e-04 0.000000000000000000e+00 -8.199802000000000035e+00 -3.414918933627226387e-04 9.999999416916416362e-01 0.000000000000000000e+00 5.949983600000000372e+00 0.000000000000000000e+00 0.000000000000000000e+00 1.000000000000000000e+00 0.000000000000000000e+00
9.967315743482012547e-01 8.078470583814857664e-02 0.000000000000000000e+00 -8.187768999999999409e+00 -8.078470583814857664e-02 9.967315743482012547e-01 0.000000000000000000e+00 5.454718999999999873e+00 0.000000000000000000e+00 0.000000000000000000e+00 1.000000000000000000e+00 0.000000000000000000e+00
9.999910318825330213e-01 -4.235109739634040568e-03 0.000000000000000000e+00 -8.246366999999999337e+00 4.235109739634040568e-03 9.999910318825330213e-01 0.000000000000000000e+00 4.954954599999999765e+00 0.000000000000000000e+00 0.000000000000000000e+00 1.000000000000000000e+00 0.000000000000000000e+00
9.965046006454424399e-01 -8.353790093405140393e-02 0.000000000000000000e+00 -8.201415000000000788e+00 8.353790093405140393e-02 9.965046006454424399e-01 0.000000000000000000e+00 4.457804699999999620e+00 0.000000000000000000e+00 0.000000000000000000e+00 1.000000000000000000e+00 0.000000000000000000e+00
9.954283166338335764e-01 -9.551160371144622185e-02 0.000000000000000000e+00 -8.165290999999999855e+00 9.551160371144622185e-02 9.954283166338335764e-01 0.000000000000000000e+00 4.055902500000000188e+00 0.000000000000000000e+00 0.000000000000000000e+00 1.000000000000000000e+00 0.000000000000000000e+00
9.853362240574186082e-01 -1.706239302098876143e-01 0.000000000000000000e+00 -8.061925000000000452e+00 1.706239302098876143e-01 9.853362240574186082e-01 0.000000000000000000e+00 3.478477999999999959e+00 0.000000000000000000e+00 0.000000000000000000e+00 1.000000000000000000e+00 0.000000000000000000e+00
9.991707817648488588e-01 -4.071546226460958512e-02 0.000000000000000000e+00 -7.905923399999999823e+00 4.071546226460958512e-02 9.991707817648488588e-01 0.000000000000000000e+00 2.868061500000000041e+00 0.000000000000000000e+00 0.000000000000000000e+00 1.000000000000000000e+00 0.000000000000000000e+00
9.999171456887819831e-01 -1.287251947363900542e-02 0.000000000000000000e+00 -7.809586000000000361e+00 1.287251947363900542e-02 9.999171456887819831e-01 0.000000000000000000e+00 2.176048300000000157e+00 0.000000000000000000e+00 0.000000000000000000e+00 1.000000000000000000e+00 0.000000000000000000e+00
9.997128174012670510e-01 -2.396419670301639521e-02 0.000000000000000000e+00 -7.788372999999999990e+00 2.396419670301639521e-02 9.997128174012670510e-01 0.000000000000000000e+00 1.743231799999999998e+00 0.000000000000000000e+00 0.000000000000000000e+00 1.000000000000000000e+00 0.000000000000000000e+00
9.913661225163611368e-01 -1.311228855954411077e-01 0.000000000000000000e+00 -7.752631000000000050e+00 1.311228855954411077e-01 9.913661225163611368e-01 0.000000000000000000e+00 1.177103199999999905e+00 0.000000000000000000e+00 0.000000000000000000e+00 1.000000000000000000e+00 0.000000000000000000e+00
9.999950740322167686e-01 -3.138775446154269243e-03 0.000000000000000000e+00 -7.691620000000000346e+00 3.138775446154269243e-03 9.999950740322167686e-01 0.000000000000000000e+00 5.418280399999999553e-01 0.000000000000000000e+00 0.000000000000000000e+00 1.000000000000000000e+00 0.000000000000000000e+00
9.863198027810463620e-01 1.648430970406644103e-01 0.000000000000000000e+00 -7.648770299999999800e+00 -1.648430970406644103e-01 9.863198027810463620e-01 0.000000000000000000e+00 7.264537999999999551e-02 0.000000000000000000e+00 0.000000000000000000e+00 1.000000000000000000e+00 0.000000000000000000e+00
9.737558649080265694e-01 2.275950692726470270e-01 0.000000000000000000e+00 -7.829549000000000092e+00 -2.275950692726470270e-01 9.737558649080265694e-01 0.000000000000000000e+00 -4.962911300000000248e-01 0.000000000000000000e+00 0.000000000000000000e+00 1.000000000000000000e+00 0.000000000000000000e+00
9.910248873167820660e-01 1.336774951843403281e-01 0.000000000000000000e+00 -7.930973999999999968e+00 -1.336774951843403281e-01 9.910248873167820660e-01 0.000000000000000000e+00 -9.683003999999999500e-01 0.000000000000000000e+00 0.000000000000000000e+00 1.000000000000000000e+00 0.000000000000000000e+00
9.945592575265954638e-01 1.041723728641487240e-01 0.000000000000000000e+00 -8.083114000000000132e+00 -1.041723728641487240e-01 9.945592575265954638e-01 0.000000000000000000e+00 -1.663069600000000037e+00 0.000000000000000000e+00 0.000000000000000000e+00 1.000000000000000000e+00 0.000000000000000000e+00
9.961116168273677074e-01 -8.810020897573021814e-02 0.000000000000000000e+00 -8.380362500000000381e+00 8.810020897573021814e-02 9.961116168273677074e-01 0.000000000000000000e+00 -2.198137299999999961e+00 0.000000000000000000e+00 0.000000000000000000e+00 1.000000000000000000e+00 0.000000000000000000e+00
9.998090278370531658e-01 -1.954246288282743618e-02 0.000000000000000000e+00 -8.316247999999999863e+00 1.954246288282743618e-02 9.998090278370531658e-01 0.000000000000000000e+00 -2.786470000000000002e+00 0.000000000000000000e+00 0.000000000000000000e+00 1.000000000000000000e+00 0.000000000000000000e+00
9.883973034923438927e-01 1.518906529351408963e-01 0.000000000000000000e+00 -8.301346999999999809e+00 -1.518906529351408963e-01 9.883973034923438927e-01 0.000000000000000000e+00 -3.403739700000000035e+00 0.000000000000000000e+00 0.000000000000000000e+00 1.000000000000000000e+00 0.000000000000000000e+00
9.998661130997313906e-01 1.636324768605106061e-02 0.000000000000000000e+00 -8.432449000000000083e+00 -1.636324768605106061e-02 9.998661130997313906e-01 0.000000000000000000e+00 -4.182687300000000441e+00 0.000000000000000000e+00 0.000000000000000000e+00 1.000000000000000000e+00 0.000000000000000000e+00
9.995961747190589275e-01 -2.841632430531267420e-02 0.000000000000000000e+00 -8.220874000000000237e+00 2.841632430531267420e-02 9.995961747190589275e-01 0.000000000000000000e+00 -4.670841000000000243e+00 0.000000000000000000e+00 0.000000000000000000e+00 1.000000000000000000e+00 0.000000000000000000e+00
9.849449017814396745e-01 -1.728685641021818487e-01 0.000000000000000000e+00 -8.275175000000000836e+00 1.728685641021818487e-01 9.849449017814396745e-01 0.000000000000000000e+00 -4.664820699999999931e+00 0.000000000000000000e+00 0.000000000000000000e+00 1.000000000000000000e+00 0.000000000000000000e+00
9.594171816464821534e-01 -2.819905522557821231e-01 0.000000000000000000e+00 -8.106246000000000507e+00 2.819905522557821231e-01 9.594171816464821534e-01 0.000000000000000000e+00 -5.179865399999999731e+00 0.000000000000000000e+00 0.000000000000000000e+00 1.000000000000000000e+00 0.000000000000000000e+00
8.903033298982881982e-01 -4.553679619516723398e-01 0.000000000000000000e+00 -7.757214499999999902e+00 4.553679619516723398e-01 8.903033298982881982e-01 0.000000000000000000e+00 -5.491797400000000273e+00 0.000000000000000000e+00 0.000000000000000000e+00 1.000000000000000000e+00 0.000000000000000000e+00
7.740588231751567294e-01 -6.331136851029928181e-01 0.000000000000000000e+00 -7.351350000000000051e+00 6.331136851029928181e-01 7.740588231751567294e-01 0.000000000000000000e+00 -5.820009699999999953e+00 0.000000000000000000e+00 0.000000000000000000e+00 1.000000000000000000e+00 0.000000000000000000e+00
6.093220169013755516e-01 -7.929228712297557990e-01 0.000000000000000000e+00 -6.968339000000000283e+00 7.929228712297557990e-01 6.093220169013755516e-01 0.000000000000000000e+00 -6.226014000000000159e+00 0.000000000000000000e+00 0.000000000000000000e+00 1.000000000000000000e+00 0.000000000000000000e+00
4.502884138042550499e-01 -8.928831639098410156e-01 0.000000000000000000e+00 -6.560456300000000240e+00 8.928831639098410156e-01 4.502884138042550499e-01 0.000000000000000000e+00 -6.264267399999999597e+00 0.000000000000000000e+00 0.000000000000000000e+00 1.000000000000000000e+00 0.000000000000000000e+00
2.899237135717843139e-01 -9.570497585333512802e-01 0.000000000000000000e+00 -6.169817400000000340e+00 9.570497585333512802e-01 2.899237135717843139e-01 0.000000000000000000e+00 -6.352688299999999622e+00 0.000000000000000000e+00 0.000000000000000000e+00 1.000000000000000000e+00 0.000000000000000000e+00
8.254529802278605388e-02 -9.965873136731820958e-01 0.000000000000000000e+00 -5.819911499999999904e+00 9.965873136731820958e-01 8.254529802278605388e-02 0.000000000000000000e+00 -6.422204500000000316e+00 0.000000000000000000e+00 0.000000000000000000e+00 1.000000000000000000e+00 0.000000000000000000e+00
-1.170752590461316550e-01 -9.931230456087911662e-01 0.000000000000000000e+00 -5.293950999999999851e+00 9.931230456087911662e-01 -1.170752590461316550e-01 0.000000000000000000e+00 -6.308549000000000184e+00 0.000000000000000000e+00 0.000000000000000000e+00 1.000000000000000000e+00 0.000000000000000000e+00
-2.531594215325805863e-01 -9.674245744704282890e-01 0.000000000000000000e+00 -4.912028300000000236e+00 9.674245744704282890e-01 -2.531594215325805863e-01 0.000000000000000000e+00 -6.281726400000000154e+00 0.000000000000000000e+00 0.000000000000000000e+00 1.000000000000000000e+00 0.000000000000000000e+00
3.944167193819059225e-01 9.189316903187172425e-01 0.000000000000000000e+00 -4.420337700000000147e+00 -9.189316903187172425e-01 3.944167193819059225e-01 0.000000000000000000e+00 -6.103253399999999829e+00 0.000000000000000000e+00 0.000000000000000000e+00 1.000000000000000000e+00 0.000000000000000000e+00
4.874157896131328105e-01 8.731699995051400709e-01 0.000000000000000000e+00 -4.088097000000000314e+00 -8.731699995051400709e-01 4.874157896131328105e-01 0.000000000000000000e+00 -5.852649000000000434e+00 0.000000000000000000e+00 0.000000000000000000e+00 1.000000000000000000e+00 0.000000000000000000e+00
5.636948861720791903e-01 8.259830962576938385e-01 0.000000000000000000e+00 -3.681982500000000158e+00 -8.259830962576938385e-01 5.636948861720791903e-01 0.000000000000000000e+00 -5.561209700000000034e+00 0.000000000000000000e+00 0.000000000000000000e+00 1.000000000000000000e+00 0.000000000000000000e+00
6.856547400591473940e-01 7.279269039089178994e-01 0.000000000000000000e+00 -3.213722199999999862e+00 -7.279269039089178994e-01 6.856547400591473940e-01 0.000000000000000000e+00 -5.137460700000000102e+00 0.000000000000000000e+00 0.000000000000000000e+00 1.000000000000000000e+00 0.000000000000000000e+00
8.570545991894298332e-01 5.152255952573064901e-01 0.000000000000000000e+00 -3.103155000000000108e+00 -5.152255952573064901e-01 8.570545991894298332e-01 0.000000000000000000e+00 -4.866605299999999801e+00 0.000000000000000000e+00 0.000000000000000000e+00 1.000000000000000000e+00 0.000000000000000000e+00
9.137324681595158093e-01 4.063163504353712874e-01 0.000000000000000000e+00 -2.964469699999999985e+00 -4.063163504353712874e-01 9.137324681595158093e-01 0.000000000000000000e+00 -4.498838000000000115e+00 0.000000000000000000e+00 0.000000000000000000e+00 1.000000000000000000e+00 0.000000000000000000e+00
9.748620178164397743e-01 2.228094392499104515e-01 0.000000000000000000e+00 -2.928791499999999992e+00 -2.228094392499104515e-01 9.748620178164397743e-01 0.000000000000000000e+00 -3.880799999999999805e+00 0.000000000000000000e+00 0.000000000000000000e+00 1.000000000000000000e+00 0.000000000000000000e+00
9.894389969367851645e-01 1.449498925171328056e-01 0.000000000000000000e+00 -2.788987200000000222e+00 -1.449498925171328056e-01 9.894389969367851645e-01 0.000000000000000000e+00 -3.253458999999999879e+00 0.000000000000000000e+00 0.000000000000000000e+00 1.000000000000000000e+00 0.000000000000000000e+00
9.993301707121596822e-01 3.659521696076993569e-02 0.000000000000000000e+00 -2.699174600000000090e+00 -3.659521696076993569e-02 9.993301707121596822e-01 0.000000000000000000e+00 -2.985192800000000091e+00 0.000000000000000000e+00 0.000000000000000000e+00 1.000000000000000000e+00 0.000000000000000000e+00
-9.964468331548648194e-01 8.422415743503142149e-02 0.000000000000000000e+00 -2.884140299999999879e+00 -8.422415743503142149e-02 -9.964468331548648194e-01 0.000000000000000000e+00 -2.439831299999999814e+00 0.000000000000000000e+00 0.000000000000000000e+00 1.000000000000000000e+00 0.000000000000000000e+00
