9.997254712057493942e-01 2.343036966081440270e-02 0.000000000000000000e+00 -8.000000000000000000e+00 -2.343036966081440270e-02 9.997254712057493942e-01 0.000000000000000000e+00 5.000000000000000000e+00 0.000000000000000000e+00 0.000000000000000000e+00 1.000000000000000000e+00 0.000000000000000000e+00
9.987856004359433326e-01 -4.926788367498761284e-02 0.000000000000000000e+00 -8.018095999999999890e+00 4.926788367498761284e-02 9.987856004359433326e-01 0.000000000000000000e+00 4.605500000000000149e+00 0.000000000000000000e+00 0.000000000000000000e+00 1.000000000000000000e+00 0.000000000000000000e+00
9.921469099782386225e-01 -1.250780117392057134e-01 0.000000000000000000e+00 -8.003475999999999146e+00 1.250780117392057134e-01 9.921469099782386225e-01 0.000000000000000000e+00 4.211374300000000126e+00 0.000000000000000000e+00 0.000000000000000000e+00 1.000000000000000000e+00 0.000000000000000000e+00
9.762358742721582994e-01 -2.167106775959012910e-01 0.000000000000000000e+00 -7.918530999999999764e+00 2.167106775959012910e-01 9.762358742721582994e-01 0.000000000000000000e+00 3.866789600000000160e+00 0.000000000000000000e+00 0.000000000000000000e+00 1.000000000000000000e+00 0.000000000000000000e+00
9.557529494309708884e-01 -2.941705281873084887e-01 0.000000000000000000e+00 -7.792334000000000316e+00 2.941705281873084887e-01 9.557529494309708884e-01 0.000000000000000000e+00 3.529259699999999889e+00 0.000000000000000000e+00 0.000000000000000000e+00 1.000000000000000000e+00 0.000000000000000000e+00
9.111834261450703076e-01 -4.120009270845531035e-01 0.000000000000000000e+00 -7.605579399999999879e+00 4.120009270845531035e-01 9.111834261450703076e-01 0.000000000000000000e+00 3.047108699999999892e+00 0.000000000000000000e+00 0.000000000000000000e+00 1.000000000000000000e+00 0.000000000000000000e+00
9.386775295038670697e-01 -3.447963103116343242e-01 0.000000000000000000e+00 -7.193233499999999836e+00 3.447963103116343242e-01 9.386775295038670697e-01 0.000000000000000000e+00 2.614532699999999821e+00 0.000000000000000000e+00 0.000000000000000000e+00 1.000000000000000000e+00 0.000000000000000000e+00
9.551875232928754844e-01 -2.960013434861783477e-01 0.000000000000000000e+00 -6.992714999999999570e+00 2.960013434861783477e-01 9.551875232928754844e-01 0.000000000000000000e+00 2.169496500000000161e+00 0.000000000000000000e+00 0.000000000000000000e+00 1.000000000000000000e+00 0.000000000000000000e+00
9.245559230096001002e-01 -3.810463819902591420e-01 0.000000000000000000e+00 -6.806793700000000058e+00 3.810463819902591420e-01 9.245559230096001002e-01 0.000000000000000000e+00 1.776573799999999981e+00 0.000000000000000000e+00 0.000000000000000000e+00 1.000000000000000000e+00 0.000000000000000000e+00
9.114072017144891902e-01 -4.115056654081016285e-01 0.000000000000000000e+00 -6.617035399999999790e+00 4.115056654081016285e-01 9.114072017144891902e-01 0.000000000000000000e+00 1.315833999999999948e+00 0.000000000000000000e+00 0.000000000000000000e+00 1.000000000000000000e+00 0.000000000000000000e+00
9.221147372799578523e-01 -3.869165430569159181e-01 0.000000000000000000e+00 -6.303805999999999798e+00 3.869165430569159181e-01 9.221147372799578523e-01 0.000000000000000000e+00 9.578979600000000483e-01 0.000000000000000000e+00 0.000000000000000000e+00 1.000000000000000000e+00 0.000000000000000000e+00
9.869759950983848507e-01 -1.608676011493705427e-01 0.000000000000000000e+00 -6.192624600000000257e+00 1.608676011493705427e-01 9.869759950983848507e-01 0.000000000000000000e+00 5.537216700000000547e-01 0.000000000000000000e+00 0.000000000000000000e+00 1.000000000000000000e+00 0.000000000000000000e+00
9.947668013371412377e-01 -1.021714781995084059e-01 0.000000000000000000e+00 -6.020642800000000072e+00 1.021714781995084059e-01 9.947668013371412377e-01 0.000000000000000000e+00 1.316365600000000136e-01 0.000000000000000000e+00 0.000000000000000000e+00 1.000000000000000000e+00 0.000000000000000000e+00
9.964602130064272867e-01 -8.406571176874449991e-02 0.000000000000000000e+00 -6.095432999999999879e+00 8.406571176874449991e-02 9.964602130064272867e-01 0.000000000000000000e+00 -4.715002799999999938e-01 0.000000000000000000e+00 0.000000000000000000e+00 1.000000000000000000e+00 0.000000000000000000e+00
9.798482756265758375e-01 -1.997432270481928063e-01 0.000000000000000000e+00 -5.905486599999999697e+00 1.997432270481928063e-01 9.798482756265758375e-01 0.000000000000000000e+00 -8.029570000000000318e-01 0.000000000000000000e+00 0.000000000000000000e+00 1.000000000000000000e+00 0.000000000000000000e+00
9.877014420636931469e-01 -1.563517231926175588e-01 0.000000000000000000e+00 -5.811260700000000057e+00 1.563517231926175588e-01 9.877014420636931469e-01 0.000000000000000000e+00 -1.283864399999999906e+00 0.000000000000000000e+00 0.000000000000000000e+00 1.000000000000000000e+00 0.000000000000000000e+00
9.749774423629725684e-01 -2.223038166189605924e-01 0.000000000000000000e+00 -5.842106000000000243e+00 2.223038166189605924e-01 9.749774423629725684e-01 0.000000000000000000e+00 -1.570357800000000026e+00 0.000000000000000000e+00 0.000000000000000000e+00 1.000000000000000000e+00 0.000000000000000000e+00
9.677425286241418956e-01 -2.519412596065835341e-01 0.000000000000000000e+00 -5.614431999999999867e+00 2.519412596065835341e-01 9.677425286241418956e-01 0.000000000000000000e+00 -2.133591200000000132e+00 0.000000000000000000e+00 0.000000000000000000e+00 1.000000000000000000e+00 0.000000000000000000e+00
9.831446052059555907e-01 -1.828296618561268683e-01 0.000000000000000000e+00 -5.627203999999999873e+00 1.828296618561268683e-01 9.831446052059555907e-01 0.000000000000000000e+00 -2.597370999999999874e+00 0.000000000000000000e+00 0.000000000000000000e+00 1.000000000000000000e+00 0.000000000000000000e+00
9.735569290186633085e-01 -2.284445358500599987e-01 0.000000000000000000e+00 -5.395112499999999756e+00 2.284445358500599987e-01 9.735569290186633085e-01 0.000000000000000000e+00 -2.866654000000000035e+00 0.000000000000000000e+00 0.000000000000000000e+00 1.000000000000000000e+00 0.000000000000000000e+00
9.203745943048411426e-01 -3.910378577045950932e-01 0.000000000000000000e+00 -5.537830399999999820e+00 3.910378577045950932e-01 9.203745943048411426e-01 0.000000000000000000e+00 -2.882904799999999934e+00 0.000000000000000000e+00 0.000000000000000000e+00 1.000000000000000000e+00 0.000000000000000000e+00
8.632138462179236305e-01 -5.048384451462258893e-01 0.000000000000000000e+00 -5.350043300000000279e+00 5.048384451462258893e-01 8.632138462179236305e-01 0.000000000000000000e+00 -3.093278999999999890e+00 0.000000000000000000e+00 0.000000000000000000e+00 1.000000000000000000e+00 0.000000000000000000e+00
7.787861827452715602e-01 -6.272894719067493297e-01 0.000000000000000000e+00 -5.032249000000000194e+00 6.272894719067493297e-01 7.787861827452715602e-01 0.000000000000000000e+00 -3.454418700000000175e+00 0.000000000000000000e+00 0.000000000000000000e+00 1.000000000000000000e+00 0.000000000000000000e+00
5.958836884017472135e-01 -8.030707502435444622e-01 0.000000000000000000e+00 -4.674141999999999797e+00 8.030707502435444622e-01 5.958836884017472135e-01 0.000000000000000000e+00 -3.684019300000000108e+00 0.000000000000000000e+00 0.000000000000000000e+00 1.000000000000000000e+00 0.000000000000000000e+00
4.213467623516488625e-01 -9.068996117849996708e-01 0.000000000000000000e+00 -4.302118300000000062e+00 9.068996117849996708e-01 4.213467623516488625e-01 0.000000000000000000e+00 -3.924808300000000028e+00 0.000000000000000000e+00 0.000000000000000000e+00 1.000000000000000000e+00 0.000000000000000000e+00
2.753983261899600188e-01 -9.613302044208162922e-01 0.000000000000000000e+00 -3.946441999999999783e+00 9.613302044208162922e-01 2.753983261899600188e-01 0.000000000000000000e+00 -3.993373000000000062e+00 0.000000000000000000e+00 0.000000000000000000e+00 1.000000000000000000e+00 0.000000000000000000e+00
9.492299704920241499e-02 -9.954846179781970950e-01 0.000000000000000000e+00 -3.663526800000000083e+00 9.954846179781970950e-01 9.492299704920241499e-02 0.000000000000000000e+00 -3.930506199999999950e+00 0.000000000000000000e+00 0.000000000000000000e+00 1.000000000000000000e+00 0.000000000000000000e+00
-8.082222196507529710e-02 -9.967285329700500407e-01 0.000000000000000000e+00 -3.420305499999999999e+00 9.967285329700500407e-01 -8.082222196507529710e-02 0.000000000000000000e+00 -3.873561899999999891e+00 0.000000000000000000e+00 0.000000000000000000e+00 1.000000000000000000e+00 0.000000000000000000e+00
-3.646414141347117388e-01 -9.311480221199193164e-01 0.000000000000000000e+00 -3.032667200000000118e+00 9.311480221199193164e-01 -3.646414141347117388e-01 0.000000000000000000e+00 -3.733134499999999800e+00 0.000000000000000000e+00 0.000000000000000000e+00 1.000000000000000000e+00 0.000000000000000000e+00
-5.646488063478650732e-01 -8.253312822678728899e-01 0.000000000000000000e+00 -2.550727399999999978e+00 8.253312822678728899e-01 -5.646488063478650732e-01 0.000000000000000000e+00 -3.567410699999999935e+00 0.000000000000000000e+00 0.000000000000000000e+00 1.000000000000000000e+00 0.000000000000000000e+00
6.654867846584852087e-01 7.464096324706098740e-01 0.000000000000000000e+00 -2.282967800000000214e+00 -7.464096324706098740e-01 6.654867846584852087e-01 0.000000000000000000e+00 -3.365730500000000180e+00 0.000000000000000000e+00 0.000000000000000000e+00 1.000000000000000000e+00 0.000000000000000000e+00
7.311714990067612607e-01 6.821936961305092861e-01 0.000000000000000000e+00 -1.950726399999999972e+00 -6.821936961305092861e-01 7.311714990067612607e-01 0.000000000000000000e+00 -2.962412599999999951e+00 0.000000000000000000e+00 0.000000000000000000e+00 1.000000000000000000e+00 0.000000000000000000e+00
7.503739283150993034e-01 6.610135911650881768e-01 0.000000000000000000e+00 -1.701672300000000027e+00 -6.610135911650881768e-01 7.503739283150993034e-01 0.000000000000000000e+00 -2.650586000000000109e+00 0.000000000000000000e+00 0.000000000000000000e+00 1.000000000000000000e+00 0.000000000000000000e+00
8.953940012198570164e-01 4.452747270837350557e-01 0.000000000000000000e+00 -1.464763599999999943e+00 -4.452747270837350557e-01 8.953940012198570164e-01 0.000000000000000000e+00 -2.504867599999999861e+00 0.000000000000000000e+00 0.000000000000000000e+00 1.000000000000000000e+00 0.000000000000000000e+00
9.740640681871771678e-01 2.262723824655725469e-01 0.000000000000000000e+00 -1.456964699999999890e+00 -2.262723824655725469e-01 9.740640681871771678e-01 0.000000000000000000e+00 -2.014861999999999931e+00 0.000000000000000000e+00 0.000000000000000000e+00 1.000000000000000000e+00 0.000000000000000000e+00
9.957675185330641110e-01 9.190782901637825630e-02 0.000000000000000000e+00 -1.374594400000000105e+00 -9.190782901637825630e-02 9.957675185330641110e-01 0.000000000000000000e+00 -1.529608099999999915e+00 0.000000000000000000e+00 0.000000000000000000e+00 1.000000000000000000e+00 0.000000000000000000e+00
9.975028151116058783e-01 -7.062672188641806736e-02 0.000000000000000000e+00 -1.449817700000000098e+00 7.062672188641806736e-02 9.975028151116058783e-01 0.000000000000000000e+00 -1.156514299999999995e+00 0.000000000000000000e+00 0.000000000000000000e+00 1.000000000000000000e+00 0.000000000000000000e+00
9.744468698032439091e-01 -2.246181157668716843e-01 0.000000000000000000e+00 -1.368571399999999993e+00 2.246181157668716843e-01 9.744468698032439091e-01 0.000000000000000000e+00 -6.908083600000000102e-01 0.000000000000000000e+00 0.000000000000000000e+00 1.000000000000000000e+00 0.000000000000000000e+00
9.769678467249592879e-01 -2.133865658039333923e-01 0.000000000000000000e+00 -1.333495400000000108e+00 2.133865658039333923e-01 9.769678467249592879e-01 0.000000000000000000e+00 -2.525921199999999756e-01 0.000000000000000000e+00 0.000000000000000000e+00 1.000000000000000000e+00 0.000000000000000000e+00
9.727090596129261968e-01 -2.320281994649288915e-01 0.000000000000000000e+00 -1.383228200000000019e+00 2.320281994649288915e-01 9.727090596129261968e-01 0.000000000000000000e+00 3.096919699999999831e-01 0.000000000000000000e+00 0.000000000000000000e+00 1.000000000000000000e+00 0.000000000000000000e+00
-9.766875593590255145e-01 2.146658132849991463e-01 0.000000000000000000e+00 -1.344933300000000109e+00 -2.146658132849991463e-01 -9.766875593590255145e-01 0.000000000000000000e+00 1.405438499999999979e-01 0.000000000000000000e+00 0.000000000000000000e+00 1.000000000000000000e+00 0.000000000000000000e+00
9.286947115100204764e-01 -3.708451601589533575e-01 0.000000000000000000e+00 -1.602061500000000027e+00 3.708451601589533575e-01 9.286947115100204764e-01 0.000000000000000000e+00 8.253186000000000133e-01 0.000000000000000000e+00 0.000000000000000000e+00 1.000000000000000000e+00 0.000000000000000000e+00
8.510795488400323405e-01 -5.250367620902817167e-01 0.000000000000000000e+00 -1.799376000000000086e+00 5.250367620902817167e-01 8.510795488400323405e-01 0.000000000000000000e+00 1.211619699999999966e+00 0.000000000000000000e+00 0.000000000000000000e+00 1.000000000000000000e+00 0.000000000000000000e+00
8.070651213337959318e-01 -5.904624373543716498e-01 0.000000000000000000e+00 -1.971352100000000052e+00 5.904624373543716498e-01 8.070651213337959318e-01 0.000000000000000000e+00 1.743482699999999941e+00 0.000000000000000000e+00 0.000000000000000000e+00 1.000000000000000000e+00 0.000000000000000000e+00
7.562141538207607372e-01 -6.543241960688529479e-01 0.000000000000000000e+00 -2.191015000000000157e+00 6.543241960688529479e-01 7.562141538207607372e-01 0.000000000000000000e+00 2.238528699999999816e+00 0.000000000000000000e+00 0.000000000000000000e+00 1.000000000000000000e+00 0.000000000000000000e+00
7.342871755370812270e-01 -6.788389675333728057e-01 0.000000000000000000e+00 -2.546632999999999925e+00 6.788389675333728057e-01 7.342871755370812270e-01 0.000000000000000000e+00 2.558458799999999922e+00 0.000000000000000000e+00 0.000000000000000000e+00 1.000000000000000000e+00 0.000000000000000000e+00
7.352383891416047756e-01 -6.778086095148527779e-01 0.000000000000000000e+00 -2.816239599999999843e+00 6.778086095148527779e-01 7.352383891416047756e-01 0.000000000000000000e+00 2.821928300000000167e+00 0.000000000000000000e+00 0.000000000000000000e+00 1.000000000000000000e+00 0.000000000000000000e+00
6.758148891619172316e-01 -7.370713911060892132e-01 0.000000000000000000e+00 -3.011401199999999889e+00 7.370713911060892132e-01 6.758148891619172316e-01 0.000000000000000000e+00 3.395424600000000126e+00 0.000000000000000000e+00 0.000000000000000000e+00 1.000000000000000000e+00 0.000000000000000000e+00
6.113924375800479094e-01 -7.913275473973638841e-01 0.000000000000000000e+00 -3.373672500000000074e+00 7.913275473973638841e-01 6.113924375800479094e-01 0.000000000000000000e+00 3.694485199999999914e+00 0.000000000000000000e+00 0.000000000000000000e+00 1.000000000000000000e+00 0.000000000000000000e+00
6.264742532343257064e-01 -7.794421146143528656e-01 0.000000000000000000e+00 -3.792530999999999874e+00 7.794421146143528656e-01 6.264742532343257064e-01 0.000000000000000000e+00 4.094801000000000357e+00 0.000000000000000000e+00 0.000000000000000000e+00 1.000000000000000000e+00 0.000000000000000000e+00
6.020839665611361635e-01 -7.984327756361262463e-01 0.000000000000000000e+00 -4.061309299999999567e+00 7.984327756361262463e-01 6.020839665611361635e-01 0.000000000000000000e+00 4.458885000000000431e+00 0.000000000000000000e+00 0.000000000000000000e+00 1.000000000000000000e+00 0.000000000000000000e+00
6.661618806167268758e-01 -7.458071793789502468e-01 0.000000000000000000e+00 -4.470150499999999916e+00 7.458071793789502468e-01 6.661618806167268758e-01 0.000000000000000000e+00 4.697720000000000340e+00 0.000000000000000000e+00 0.000000000000000000e+00 1.000000000000000000e+00 0.000000000000000000e+00
5.589695188483747579e-01 -8.291882036054398775e-01 0.000000000000000000e+00 -4.767299999999999649e+00 8.291882036054398775e-01 5.589695188483747579e-01 0.000000000000000000e+00 5.066195999999999700e+00 0.000000000000000000e+00 0.000000000000000000e+00 1.000000000000000000e+00 0.000000000000000000e+00
5.739786375196463952e-01 -8.188702727972791973e-01 0.000000000000000000e+00 -4.895778700000000150e+00 8.188702727972791973e-01 5.739786375196463952e-01 0.000000000000000000e+00 5.335846400000000322e+00 0.000000000000000000e+00 0.000000000000000000e+00 1.000000000000000000e+00 0.000000000000000000e+00
5.422998558550989889e-01 -8.401850191115876054e-01 0.000000000000000000e+00 -5.265976000000000212e+00 8.401850191115876054e-01 5.422998558550989889e-01 0.000000000000000000e+00 5.501163499999999651e+00 0.000000000000000000e+00 0.000000000000000000e+00 1.000000000000000000e+00 0.000000000000000000e+00
5.353631292076835857e-01 -8.446219982246241376e-01 0.000000000000000000e+00 -5.560514500000000027e+00 8.446219982246241376e-01 5.353631292076835857e-01 0.000000000000000000e+00 5.981736699999999907e+00 0.000000000000000000e+00 0.000000000000000000e+00 1.000000000000000000e+00 0.000000000000000000e+00
5.168121210882107297e-01 -8.560988444661660202e-01 0.000000000000000000e+00 -6.029939699999999903e+00 8.560988444661660202e-01 5.168121210882107297e-01 0.000000000000000000e+00 6.351666500000000326e+00 0.000000000000000000e+00 0.000000000000000000e+00 1.000000000000000000e+00 0.000000000000000000e+00
5.333708699105497164e-01 -8.458815018256773399e-01 0.000000000000000000e+00 -6.393425999999999831e+00 8.458815018256773399e-01 5.333708699105497164e-01 0.000000000000000000e+00 6.514446000000000403e+00 0.000000000000000000e+00 0.000000000000000000e+00 1.000000000000000000e+00 0.000000000000000000e+00
2.685659907820672210e-01 -9.632612878109690913e-01 0.000000000000000000e+00 -6.851746600000000242e+00 9.632612878109690913e-01 2.685659907820672210e-01 0.000000000000000000e+00 6.830411400000000022e+00 0.000000000000000000e+00 0.000000000000000000e+00 1.000000000000000000e+00 0.000000000000000000e+00
2.892335027999765051e-01 -9.572585757558174091e-01 0.000000000000000000e+00 -7.213608999999999938e+00 9.572585757558174091e-01 2.892335027999765051e-01 0.000000000000000000e+00 7.006633800000000356e+00 0.000000000000000000e+00 0.000000000000000000e+00 1.000000000000000000e+00 0.000000000000000000e+00
9.419041002664708673e-01 3.358819225579282031e-01 0.000000000000000000e+00 -7.132943599999999940e+00 -3.358819225579282031e-01 9.419041002664708673e-01 0.000000000000000000e+00 6.909613000000000227e+00 0.000000000000000000e+00 0.000000000000000000e+00 1.000000000000000000e+00 0.000000000000000000e+00
5.670259069407220659e-02 -9.983911138469635516e-01 0.000000000000000000e+00 -7.539886000000000088e+00 9.983911138469635516e-01 5.670259069407220659e-02 0.000000000000000000e+00 6.957436000000000398e+00 0.000000000000000000e+00 0.000000000000000000e+00 1.000000000000000000e+00 0.000000000000000000e+00
-1.549724638397863008e-01 -9.879187899070581702e-01 0.000000000000000000e+00 -7.906060000000000088e+00 9.879187899070581702e-01 -1.549724638397863008e-01 0.000000000000000000e+00 7.055671700000000435e+00 0.000000000000000000e+00 0.000000000000000000e+00 1.000000000000000000e+00 0.000000000000000000e+00
-3.499989477855429132e-01 -9.367500929004559662e-01 0.000000000000000000e+00 -8.414194999999999425e+00 9.367500929004559662e-01 -3.499989477855429132e-01 0.000000000000000000e+00 7.040368599999999866e+00 0.000000000000000000e+00 0.000000000000000000e+00 1.000000000000000000e+00 0.000000000000000000e+00
-6.076981950350192063e-01 -7.941680576245684353e-01 0.000000000000000000e+00 -8.834336000000000411e+00 7.941680576245684353e-01 -6.076981950350192063e-01 0.000000000000000000e+00 6.816831999999999780e+00 0.000000000000000000e+00 0.000000000000000000e+00 1.000000000000000000e+00 0.000000000000000000e+00
-7.836958713210854244e-01 -6.211447345621506910e-01 0.000000000000000000e+00 -9.080242999999999398e+00 6.211447345621506910e-01 -7.836958713210854244e-01 0.000000000000000000e+00 6.414058999999999955e+00 0.000000000000000000e+00 0.000000000000000000e+00 1.000000000000000000e+00 0.000000000000000000e+00
-8.763178941475496808e-01 -4.817332751604397889e-01 0.000000000000000000e+00 -9.490596999999999284e+00 4.817332751604397889e-01 -8.763178941475496808e-01 0.000000000000000000e+00 5.959844999999999615e+00 0.000000000000000000e+00 0.000000000000000000e+00 1.000000000000000000e+00 0.000000000000000000e+00
-9.729387815021404151e-01 -2.310630378254605599e-01 0.000000000000000000e+00 -9.700850499999999599e+00 2.310630378254605599e-01 -9.729387815021404151e-01 0.000000000000000000e+00 5.504482699999999618e+00 0.000000000000000000e+00 0.000000000000000000e+00 1.000000000000000000e+00 0.000000000000000000e+00
-9.884849291245957348e-01 1.513193473867205652e-01 0.000000000000000000e+00 -9.560176999999999481e+00 -1.513193473867205652e-01 -9.884849291245957348e-01 0.000000000000000000e+00 5.215888500000000150e+00 0.000000000000000000e+00 0.000000000000000000e+00 1.000000000000000000e+00 0.000000000000000000e+00
-8.347105565327259669e-01 5.506889201834616054e-01 0.000000000000000000e+00 -9.309846999999999539e+00 -5.506889201834616054e-01 -8.347105565327259669e-01 0.000000000000000000e+00 4.835065000000000168e+00 0.000000000000000000e+00 0.000000000000000000e+00 1.000000000000000000e+00 0.000000000000000000e+00
4.869814083075688638e-01 -8.734123355911438402e-01 0.000000000000000000e+00 -9.070164999999999367e+00 8.734123355911438402e-01 4.869814083075688638e-01 0.000000000000000000e+00 4.482083300000000214e+00 0.000000000000000000e+00 0.000000000000000000e+00 1.000000000000000000e+00 0.000000000000000000e+00
1.174592377459335729e-01 -9.930777046475991465e-01 0.000000000000000000e+00 -8.400921000000000305e+00 9.930777046475991465e-01 1.174592377459335729e-01 0.000000000000000000e+00 4.337512499999999882e+00 0.000000000000000000e+00 0.000000000000000000e+00 1.000000000000000000e+00 0.000000000000000000e+00
-3.849674741790377053e-01 -9.229301402729309656e-01 0.000000000000000000e+00 -7.952061999999999742e+00 9.229301402729309656e-01 -3.849674741790377053e-01 0.000000000000000000e+00 4.472984300000000246e+00 0.000000000000000000e+00 0.000000000000000000e+00 1.000000000000000000e+00 0.000000000000000000e+00
-7.598398133717814140e-01 -6.501103429535146638e-01 0.000000000000000000e+00 -7.442416999999999838e+00 6.501103429535146638e-01 -7.598398133717814140e-01 0.000000000000000000e+00 4.582159500000000385e+00 0.000000000000000000e+00 0.000000000000000000e+00 1.000000000000000000e+00 0.000000000000000000e+00
-9.730615462954104178e-01 -2.305454990260811243e-01 0.000000000000000000e+00 -7.249037999999999649e+00 2.305454990260811243e-01 -9.730615462954104178e-01 0.000000000000000000e+00 4.928214599999999557e+00 0.000000000000000000e+00 0.000000000000000000e+00 1.000000000000000000e+00 0.000000000000000000e+00
-9.390495086021432014e-01 3.437819372713948884e-01 0.000000000000000000e+00 -7.184819700000000253e+00 -3.437819372713948884e-01 -9.390495086021432014e-01 0.000000000000000000e+00 5.469423299999999877e+00 0.000000000000000000e+00 0.000000000000000000e+00 1.000000000000000000e+00 0.000000000000000000e+00
-6.752732199886356534e-01 7.375676771430400569e-01 0.000000000000000000e+00 -7.251315599999999861e+00 -7.375676771430400569e-01 -6.752732199886356534e-01 0.000000000000000000e+00 5.856595999999999691e+00 0.000000000000000000e+00 0.000000000000000000e+00 1.000000000000000000e+00 0.000000000000000000e+00
1.454341406434501473e-02 9.998942389609778436e-01 0.000000000000000000e+00 -7.595619000000000121e+00 -9.998942389609778436e-01 1.454341406434501473e-02 0.000000000000000000e+00 6.091626599999999669e+00 0.000000000000000000e+00 0.000000000000000000e+00 1.000000000000000000e+00 0.000000000000000000e+00
4.956444043562746038e-01 8.685255462162950746e-01 0.000000000000000000e+00 -7.978646999999999601e+00 -8.685255462162950746e-01 4.956444043562746038e-01 0.000000000000000000e+00 6.141809499999999922e+00 0.000000000000000000e+00 0.000000000000000000e+00 1.000000000000000000e+00 0.000000000000000000e+00
7.848763018761731880e-01 6.196524757904080527e-01 0.000000000000000000e+00 -8.213013999999999371e+00 -6.196524757904080527e-01 7.848763018761731880e-01 0.000000000000000000e+00 5.882619400000000276e+00 0.000000000000000000e+00 0.000000000000000000e+00 1.000000000000000000e+00 0.000000000000000000e+00
9.819317393047463094e-01 1.892354600648509522e-01 0.000000000000000000e+00 -8.170130000000000337e+00 -1.892354600648509522e-01 9.819317393047463094e-01 0.000000000000000000e+00 5.899035999999999724e+00 0.000000000000000000e+00 0.000000000000000000e+00 1.000000000000000000e+00 0.000000000000000000e+00
9.890035394825327231e-01 1.478918486294032997e-01 0.000000000000000000e+00 -8.245160999999999518e+00 -1.478918486294032997e-01 9.890035394825327231e-01 0.000000000000000000e+00 5.396623599999999854e+00 0.000000000000000000e+00 0.000000000000000000e+00 1.000000000000000000e+00 0.000000000000000000e+00
9.982532867033737656e-01 -5.907940069018926404e-02 0.000000000000000000e+00 -8.331984000000000279e+00 5.907940069018926404e-02 9.982532867033737656e-01 0.000000000000000000e+00 4.884029400000000187e+00 0.000000000000000000e+00 0.000000000000000000e+00 1.000000000000000000e+00 0.000000000000000000e+00
9.605337632503170298e-01 -2.781634225705887364e-01 0.000000000000000000e+00 -8.222944999999999283e+00 2.781634225705887364e-01 9.605337632503170298e-01 0.000000000000000000e+00 4.382849700000000404e+00 0.000000000000000000e+00 0.000000000000000000e+00 1.000000000000000000e+00 0.000000000000000000e+00
9.196403189900305142e-01 -3.927616117798617967e-01 0.000000000000000000e+00 -8.080977000000000743e+00 3.927616117798617967e-01 9.196403189900305142e-01 0.000000000000000000e+00 3.993249000000000049e+00 0.000000000000000000e+00 0.000000000000000000e+00 1.000000000000000000e+00 0.000000000000000000e+00
8.775276619136590517e-01 -4.795260186646255751e-01 0.000000000000000000e+00 -7.856690000000000396e+00 4.795260186646255751e-01 8.775276619136590517e-01 0.000000000000000000e+00 3.454771500000000106e+00 0.000000000000000000e+00 0.000000000000000000e+00 1.000000000000000000e+00 0.000000000000000000e+00
9.250917209532193430e-01 -3.797437396769181017e-01 0.000000000000000000e+00 -7.564506999999999870e+00 3.797437396769181017e-01 9.250917209532193430e-01 0.000000000000000000e+00 2.907328399999999924e+00 0.000000000000000000e+00 0.000000000000000000e+00 1.000000000000000000e+00 0.000000000000000000e+00
9.294964864166516127e-01 -3.688309663505755509e-01 0.000000000000000000e+00 -7.204740499999999770e+00 3.688309663505755509e-01 9.294964864166516127e-01 0.000000000000000000e+00 2.288818399999999809e+00 0.000000000000000000e+00 0.000000000000000000e+00 1.000000000000000000e+00 0.000000000000000000e+00
9.309177857229423703e-01 -3.652287998292220728e-01 0.000000000000000000e+00 -7.000250000000000306e+00 3.652287998292220728e-01 9.309177857229423703e-01 0.000000000000000000e+00 1.889995700000000056e+00 0.000000000000000000e+00 0.000000000000000000e+00 1.000000000000000000e+00 0.000000000000000000e+00
8.893863293141680559e-01 -4.571563815906656281e-01 0.000000000000000000e+00 -6.768625000000000114e+00 4.571563815906656281e-01 8.893863293141680559e-01 0.000000000000000000e+00 1.360189799999999893e+00 0.000000000000000000e+00 0.000000000000000000e+00 1.000000000000000000e+00 0.000000000000000000e+00
9.350138987371785504e-01 -3.546110674644845084e-01 0.000000000000000000e+00 -6.494791499999999829e+00 3.546110674644845084e-01 9.350138987371785504e-01 0.000000000000000000e+00 7.827180000000000248e-01 0.000000000000000000e+00 0.000000000000000000e+00 1.000000000000000000e+00 0.000000000000000000e+00
9.770770172948585186e-01 -2.128861251330923243e-01 0.000000000000000000e+00 -6.268595999999999613e+00 2.128861251330923243e-01 9.770770172948585186e-01 0.000000000000000000e+00 3.941678699999999758e-01 0.000000000000000000e+00 0.000000000000000000e+00 1.000000000000000000e+00 0.000000000000000000e+00
9.875347986541720413e-01 -1.574008305158007825e-01 0.000000000000000000e+00 -6.191415300000000066e+00 1.574008305158007825e-01 9.875347986541720413e-01 0.000000000000000000e+00 -1.503329700000000102e-01 0.000000000000000000e+00 0.000000000000000000e+00 1.000000000000000000e+00 0.000000000000000000e+00
9.813968584976969778e-01 -1.919901198782150153e-01 0.000000000000000000e+00 -6.083925699999999992e+00 1.919901198782150153e-01 9.813968584976969778e-01 0.000000000000000000e+00 -5.552918000000000021e-01 0.000000000000000000e+00 0.000000000000000000e+00 1.000000000000000000e+00 0.000000000000000000e+00
9.884346826633978456e-01 -1.516472159589752067e-01 0.000000000000000000e+00 -5.974949399999999855e+00 1.516472159589752067e-01 9.884346826633978456e-01 0.000000000000000000e+00 -1.166294799999999965e+00 0.000000000000000000e+00 0.000000000000000000e+00 1.000000000000000000e+00 0.000000000000000000e+00
9.560639195116782396e-01 -2.931582879742055670e-01 0.000000000000000000e+00 -6.091293300000000244e+00 2.931582879742055670e-01 9.560639195116782396e-01 0.000000000000000000e+00 -1.729478000000000071e+00 0.000000000000000000e+00 0.000000000000000000e+00 1.000000000000000000e+00 0.000000000000000000e+00
9.736634243755882823e-01 -2.279902103889618614e-01 0.000000000000000000e+00 -5.911514799999999958e+00 2.279902103889618614e-01 9.736634243755882823e-01 0.000000000000000000e+00 -2.250022200000000083e+00 0.000000000000000000e+00 0.000000000000000000e+00 1.000000000000000000e+00 0.000000000000000000e+00
9.996259245219307754e-01 -2.734979019435436129e-02 0.000000000000000000e+00 -5.735240000000000116e+00 2.734979019435436129e-02 9.996259245219307754e-01 0.000000000000000000e+00 -2.775282999999999944e+00 0.000000000000000000e+00 0.000000000000000000e+00 1.000000000000000000e+00 0.000000000000000000e+00
9.857855438620980459e-01 -1.680085161904231184e-01 0.000000000000000000e+00 -5.674681699999999829e+00 1.680085161904231184e-01 9.857855438620980459e-01 0.000000000000000000e+00 -3.470390000000000086e+00 0.000000000000000000e+00 0.000000000000000000e+00 1.000000000000000000e+00 0.000000000000000000e+00
9.727210240137245112e-01 -2.319780365502114583e-01 0.000000000000000000e+00 -5.397174999999999834e+00 2.319780365502114583e-01 9.727210240137245112e-01 0.000000000000000000e+00 -3.857220400000000105e+00 0.000000000000000000e+00 0.000000000000000000e+00 1.000000000000000000e+00 0.000000000000000000e+00
9.206346222632220133e-01 -3.904252710702197371e-01 0.000000000000000000e+00 -5.439306000000000196e+00 3.904252710702197371e-01 9.206346222632220133e-01 0.000000000000000000e+00 -3.879293999999999798e+00 0.000000000000000000e+00 0.000000000000000000e+00 1.000000000000000000e+00 0.000000000000000000e+00
8.828156602405867748e-01 -4.697196078874895098e-01 0.000000000000000000e+00 -5.128771000000000413e+00 4.697196078874895098e-01 8.828156602405867748e-01 0.000000000000000000e+00 -4.268832999999999878e+00 0.000000000000000000e+00 0.000000000000000000e+00 1.000000000000000000e+00 0.000000000000000000e+00
8.024274656919150317e-01 -5.967496646863326148e-01 0.000000000000000000e+00 -4.720949000000000062e+00 5.967496646863326148e-01 8.024274656919150317e-01 0.000000000000000000e+00 -4.453602300000000014e+00 0.000000000000000000e+00 0.000000000000000000e+00 1.000000000000000000e+00 0.000000000000000000e+00
6.482520631197828953e-01 -7.614258090325970452e-01 0.000000000000000000e+00 -4.301080699999999979e+00 7.614258090325970452e-01 6.482520631197828953e-01 0.000000000000000000e+00 -4.665564999999999962e+00 0.000000000000000000e+00 0.000000000000000000e+00 1.000000000000000000e+00 0.000000000000000000e+00
4.365162022216961812e-01 -8.996963961236853491e-01 0.000000000000000000e+00 -3.884441900000000114e+00 8.996963961236853491e-01 4.365162022216961812e-01 0.000000000000000000e+00 -4.943744999999999834e+00 0.000000000000000000e+00 0.000000000000000000e+00 1.000000000000000000e+00 0.000000000000000000e+00
2.606363991801464164e-01 -9.654370344162312989e-01 0.000000000000000000e+00 -3.504357300000000119e+00 9.654370344162312989e-01 2.606363991801464164e-01 0.000000000000000000e+00 -4.875100599999999673e+00 0.000000000000000000e+00 0.000000000000000000e+00 1.000000000000000000e+00 0.000000000000000000e+00
1.103459578627456888e-01 -9.938932385238130607e-01 0.000000000000000000e+00 -3.111425199999999780e+00 9.938932385238130607e-01 1.103459578627456888e-01 0.000000000000000000e+00 -4.847865600000000441e+00 0.000000000000000000e+00 0.000000000000000000e+00 1.000000000000000000e+00 0.000000000000000000e+00
-1.418599083845810960e-01 -9.898867442253777016e-01 0.000000000000000000e+00 -2.770610000000000017e+00 9.898867442253777016e-01 -1.418599083845810960e-01 0.000000000000000000e+00 -4.875036999999999843e+00 0.000000000000000000e+00 0.000000000000000000e+00 1.000000000000000000e+00 0.000000000000000000e+00
-4.034387110887572847e-01 -9.150066701369133915e-01 0.000000000000000000e+00 -2.318836500000000189e+00 9.150066701369133915e-01 -4.034387110887572847e-01 0.000000000000000000e+00 -4.687976400000000154e+00 0.000000000000000000e+00 0.000000000000000000e+00 1.000000000000000000e+00 0.000000000000000000e+00
-5.362927785875267750e-01 -8.440320228728706020e-01 0.000000000000000000e+00 -1.967971700000000101e+00 8.440320228728706020e-01 -5.362927785875267750e-01 0.000000000000000000e+00 -4.548650699999999603e+00 0.000000000000000000e+00 0.000000000000000000e+00 1.000000000000000000e+00 0.000000000000000000e+00
6.463521594537338100e-01 7.630392427454141258e-01 0.000000000000000000e+00 -1.576282100000000019e+00 -7.630392427454141258e-01 6.463521594537338100e-01 0.000000000000000000e+00 -4.242790699999999582e+00 0.000000000000000000e+00 0.000000000000000000e+00 1.000000000000000000e+00 0.000000000000000000e+00
7.070587199078005591e-01 7.071548391988435878e-01 0.000000000000000000e+00 -1.311020300000000027e+00 -7.071548391988435878e-01 7.070587199078005591e-01 0.000000000000000000e+00 -3.924508599999999792e+00 0.000000000000000000e+00 0.000000000000000000e+00 1.000000000000000000e+00 0.000000000000000000e+00
7.625743356856862221e-01 6.469005971194757842e-01 0.000000000000000000e+00 -9.958352000000000315e-01 -6.469005971194757842e-01 7.625743356856862221e-01 0.000000000000000000e+00 -3.557660799999999846e+00 0.000000000000000000e+00 0.000000000000000000e+00 1.000000000000000000e+00 0.000000000000000000e+00
8.504789849840322935e-01 5.260090266340780030e-01 0.000000000000000000e+00 -6.614044300000000431e-01 -5.260090266340780030e-01 8.504789849840322935e-01 0.000000000000000000e+00 -3.067469599999999907e+00 0.000000000000000000e+00 0.000000000000000000e+00 1.000000000000000000e+00 0.000000000000000000e+00
9.558695804863371892e-01 2.937913291791877657e-01 0.000000000000000000e+00 -6.135034600000000005e-01 -2.937913291791877657e-01 9.558695804863371892e-01 0.000000000000000000e+00 -2.811271000000000075e+00 0.000000000000000000e+00 0.000000000000000000e+00 1.000000000000000000e+00 0.000000000000000000e+00
9.925130394591699101e-01 1.221387182817971206e-01 0.000000000000000000e+00 -5.849765500000000396e-01 -1.221387182817971206e-01 9.925130394591699101e-01 0.000000000000000000e+00 -2.437424000000000035e+00 0.000000000000000000e+00 0.000000000000000000e+00 1.000000000000000000e+00 0.000000000000000000e+00
9.976549489800160542e-01 -6.844415808293302650e-02 0.000000000000000000e+00 -7.484492000000000367e-01 6.844415808293302650e-02 9.976549489800160542e-01 0.000000000000000000e+00 -1.874386300000000061e+00 0.000000000000000000e+00 0.000000000000000000e+00 1.000000000000000000e+00 0.000000000000000000e+00
9.903290689429561366e-01 -1.387383696263493338e-01 0.000000000000000000e+00 -7.837267999999999457e-01 1.387383696263493338e-01 9.903290689429561366e-01 0.000000000000000000e+00 -1.283762899999999929e+00 0.000000000000000000e+00 0.000000000000000000e+00 1.000000000000000000e+00 0.000000000000000000e+00
9.720190106912562911e-01 -2.349021984886294212e-01 0.000000000000000000e+00 -7.529196999999999695e-01 2.349021984886294212e-01 9.720190106912562911e-01 0.000000000000000000e+00 -1.028776300000000088e+00 0.000000000000000000e+00 0.000000000000000000e+00 1.000000000000000000e+00 0.000000000000000000e+00
-9.364687862365937976e-01 3.507509264486136091e-01 0.000000000000000000e+00 -1.061023199999999944e+00 -3.507509264486136091e-01 -9.364687862365937976e-01 0.000000000000000000e+00 -5.774468000000000378e-01 0.000000000000000000e+00 0.000000000000000000e+00 1.000000000000000000e+00 0.000000000000000000e+00
